0001576427
0000808326
0001133478
0001342958
0000922521
0001371541
0000075340
0001528752
0001576914
0001459417
0001137789
0001394954
0001020416
0001106851
0001591698
0000059527
0000769520
0001329394
0001525494
0001372375
0000096699
0000036047
0001362988
0001054374
0000889930
0000790070
0000931059
0001487712
0001102993
0001313911
0001375514
0000858877
0001330421
0001142701
0000945983
0001212458
0001407190
0001107694
0001412043
0000051644
0001405503
0001021604
0001002517
0001439288
0001090908
0001067491
0001453814
0001382158
0001158838
0001297336
0001089496
0000872448
0001485487
0000720500
0001285137
0001510593
0000049826
0001000184
0001038074
0000916793
0001116942
0001549346
0000772406
0001066605
0000350917
0001022408
0000860731
0001086909
0000918965
0001108524
0001458696
0001244937
0000004127
0000743316
0001392972
0000832488
0001389050
0000785786
0001490281
0001313275
0000766792
0000356028
0001484504
0001015922
0001383871
0000859014
0001013462
0001415911
0001294404
0001227025
0000876883
0000098338
0000827054
0000849547
0000920532
0001027207
0000797721
0000078749
0001167294
0001066026
0000806968
0001328015
0001375796
0001094324
0001015739
0001044777
0000883241
0001078271
0001237746
0001393052
0001421517
0000918581
0001326801
0001500252
0001173752
0001490660
0001392522
0000855612
0000890394
0000897893
0000050863
0001014111
0001559865
0000791907
0001001902
0001056923
0000088941
0001331745
0000913885
0001513845
0001385292
0001036188
0001002047
0001040161
0001527636
0000867374
0000713425
0000885074
0001102934
0000006281
0000051143
0001092699
0001122342
0001093207
0001552670
0001595974
0001094739
0001024672
0001584133
0001118417
0001085280
0000857005
0001580808
0001029744
0000944765
0001035748
0001082754
0000830916
0001045986
0001489147
0000879796
0001045810
0000833640
0000937966
0000866374
0001023459
0001352010
0000016058
0001050140
0000796343
0000753568
0000717826
0000855658
0001062579
0000876167
0000882508
0001376321
0000320193
0000836690
0001389002
0001597835
0000896878
0001325702
0000703361
0001385598
0001353283
0001039399
0001493594
0001000180
0001487839
0001122411
0001201663
0001576789
0001600527
0001021991
0000002488
0001576169
0000876779
0001308547
0001365767
0001077866
0000817720
0000877890
0000813672
0001582982
0000928421
0001111759
0001057083
0001334478
0001058057
0000919013
0001396247
0001102541
0001341088
0000897322
0001383395
0001271024
0001433660
0001550935
0001314223
0000106040
0000006951
0000725876
0001172494
0001158114
0001175609
0001462633
0000807863
0000911650
0000733269
0000804753
0000716314
0001169445
0000068505
0001036188
0000814549
0001029581
0001438231
0001062047
0001439404
0001087423
0001009463
0000906193
0001113232
0000940332
0001124804
0001526520
0001111928
0001415624
0000790703
0001084048
0001338940
0000946581
0001496371
0001013857
0001348334
0000050471
0001141107
0000768251
0001095348
0000047217
0000791915
0000910638
0001368358
0000728249
0001067701
0001349454
0000045919
0001488075
0001036960
0001033767
0001275014
0001048695
0001487101
0001108320
0001005516
0000926326
0001528396
0001378590
0001539042
0001361113
0001123799
0001062530
0001210708
0001449278
0001303652
0001517650
0000097134
0000002491
0001114925
0000749038
0000790715
0001526160
0001571123
0000785557
0000026058
0000018396
0000880562
0000930420
0001274494
0001036044
0001090633
0001433714
0001441634
0001477200
0000893821
0000909791
0000798354
0001104855
0000709283
0000895665
0001316625
0001327811
0000867773
0001223862
0000077360
0000055135
0001119083
0001562594
0001122897
0001158324
0001366246
0001365038
0001081078
0001302028
0001442145
0001509986
0001095565
0001003935
0001361470
0001280452
0001327318
0000918386
0001031029
0001057997
0000932787
0001261694
0001529113
0000103145
0000056679
0001324245
0000935494
0001096325
0000902791
0000027048
0000706688
0001105841
0001517396
0000351483
0001058290
0001166141
0001442596
0000057083
0000863436
0000945699
0000711065
0000030828
0001481513
0001039280
0000851310
0000840883
0001141103
0001329365
0001402436
0000892482
0001169561
0001124610
0001377789
0000945989
0001236997
0001104188
0001110647
0001509223
0001391636
0000926423
0001120914
0000871763
0001511683
0001013237
0001032975
0000890264
0001384905
0001009626
0000873044
0000935036
0001546296
0000865415
0001080099
0001551182
0001452751
0001410384
0001415404
0001000753
0001333822
0000029002
0000887969
0001105472
0001091223
0000771266
0001353487
0000818074
0000100378
0001013880
0001023364
0000810136
0001019671
0001595262
0001413447
0000723125
0001017968
0001180079
0001056386
0001511737
0001001426
0001508913
0000746838
0001373715
0000029989
0001442236
0000310354
0001375557
0001053374
0000945436
0001045742
0001378789
0000816761
0001056239
0001378564
0000006955
0000356037
0000884144
0001288469
0000943110
0000849399
0001016125
0001418091
0000315213
0000890564
0001563699
0001040426
0001412095
0001463101
0001125536
0001580732
0001133311
0000932111
0000903651
0000792130
0001286225
0000889971
0000789019
0000730255
0001095277
0001366684
0001227930
0001413745
0001050446
0001420302
0001105101
0001401680
0000008670
0001293330
0001508475
0000885740
0001333513
0001375365
0001410172
0000023082
0000032166
0001030894
0000026324
0001082526
0001018003
0001329099
0000912093
0001405277
0001262039
0001111665
0001085869
0001408278
0001177845
0001005757
0000708818
0000031347
0001076682
0000948708
0001207074
0001007587
0000880446
0000914139
0001107843
0001087934
0000758938
0001056696
0001066194
0000023197
0001170534
0001046327
0001039065
0000055135
0001095291
0001119769
0001160958
0001082506
0000036995
0000880177
0000767920
0001428669
0001470099
0001174266
0001364962
0001062478
0000055772
0001191141
0001387467
0001173489
0001579910
0000819926
0000768899
0001295484
0000820736
0001336920
0001008586
0001042783
0000920448
0001477641
0001388430
0001280263
0001556884
0001282631
0001301031
0001046179
0001487990
0000752714
0001291855
0001058811
0001002225
0001101169
0001538375
0000924613
0001254419
0001356104
0000917273
0001010612
0001008595
0001506439
0001590955
0000027093
0001047127
0001350102
0001002638
0001498576
0001357326
0000933036
0001051627
0001540400
0000779152
0001370880
0001024732
0001342068
0001166388
0001528903
0001394029
0001052054
0001327471
0000310568
0001017172
0001122388
0000023111
0001351285
0001417892
0000895419
0001073349
0001169652
0001288776
0001341439
0001280058
0001517228
0001097864
0000769397
0000820738
0000719733
0001294016
0000743988
0001043604
0000915358
0001607310
0000712515
0001342338
0000076267
0000897723
0000854398
0000056978
0001111863
0000911160
0000892534
0000707549
0000804328
0000092679
0001165231
0001375877
0001008817
0001597033
0000029905
0001311241
0001294924
0001267482
0001001288
0001468516
0001017303
0001011006
0000008146
0001094005
0000898293
0000915778
0000928876
0001327567
0000316793
0001500866
0001530238
0001126741
0001413159
0000909494
0000097476
0001305294
0000701811
0000750004
0001316360
0000104897
0000886346
0001340127
0001575793
0000700841
0000088205
0001372414
0000949158
0000854701
0001117106
0001288776
0001006269
0000929940
0001016838
0001322705
0000854775
0001288847
0000718877
0001463172
0000877212
0001177394
0000933974
0001131554
0001499781
0001078075
0001068875
0001014473
0001182325
0000724910
